accuracy,precision,recall,f1,n_classes,n_features,n_char_features,n_obs_train,n_obs_test,signal_train,signal_test,diff_train,diff_test,noise_train,noise_test,classifier,n_hidden_GNN,n_hidden_FC
0.996,0.996002376066875,0.996,0.995999995204786,5,125,50,500,500,10,5,0.3,0.3,0.4,0.4,GraphSAGE,4,0
0.9916,0.991621252649331,0.9916,0.991603531842146,5,125,50,500,500,10,5,0.3,0.3,0.4,0.4,Chebnet,16,0
0.988,0.988045966917464,0.988,0.987979001488484,5,125,50,500,500,10,5,0.3,0.3,0.4,0.4,Chebnet,4,0
0.9876,0.987713408328208,0.9876,0.987599291647384,5,125,50,500,500,10,5,0.3,0.3,0.4,0.4,Chebnet,8,0
0.9864,0.986433390387571,0.9864,0.986385144883055,5,125,50,500,500,10,5,0.3,0.3,0.4,0.4,GraphSAGE,16,0
0.9808,0.981077511795799,0.9808,0.980776589782244,5,125,50,500,500,10,5,0.3,0.3,0.4,0.4,GraphSAGE,8,0
0.9236,0.925197672404353,0.9236,0.923759964757148,5,125,10,500,500,10,5,0.3,0.3,0.4,0.4,GraphSAGE,16,0
0.9096,0.909765751865373,0.9096,0.909342536424017,5,125,10,500,500,10,5,0.3,0.3,0.4,0.4,GraphSAGE,4,0
0.9064,0.906582322352579,0.9064,0.906462531548352,5,50,10,500,500,10,5,0.3,0.3,0.4,0.4,GraphSAGE,16,0
0.904,0.904220756952644,0.904,0.904052924185173,5,125,10,500,500,10,5,0.3,0.3,0.4,0.4,Chebnet,16,0
0.8964,0.898134736302941,0.8964,0.896786678499815,5,125,10,500,500,10,5,0.3,0.3,0.4,0.4,Chebnet,4,0
0.8964,0.896981789158924,0.8964,0.896430100725188,5,50,10,500,500,10,5,0.3,0.3,0.4,0.4,GraphSAGE,4,0
0.89,0.8909186294964,0.89,0.889862125846719,5,50,10,500,500,10,5,0.3,0.3,0.4,0.4,Chebnet,8,0
0.888,0.889251733581873,0.888,0.887910026240111,5,125,10,500,500,10,5,0.3,0.3,0.4,0.4,GraphSAGE,8,0
0.8864,0.886688531084505,0.8864,0.88626047986308,5,50,10,500,500,10,5,0.3,0.3,0.4,0.4,GraphSAGE,8,0
0.884,0.89326410102147,0.884,0.885296027145225,5,125,10,500,500,10,5,0.3,0.3,0.4,0.4,Chebnet,8,0
0.8812,0.88265622373429,0.8812,0.881016507982494,5,50,10,500,500,10,5,0.3,0.3,0.4,0.4,Chebnet,4,0
0.8676,0.869489153825741,0.8676,0.867426677837305,5,50,10,500,500,10,5,0.3,0.3,0.4,0.4,Chebnet,16,0
0.8356,0.837963256500644,0.8356,0.835896216699772,5,50,10,500,500,10,5,0.3,0.3,0.4,0.4,Chebnet,8,0
0.8328,0.833948254710638,0.8328,0.832410585926736,5,50,10,500,500,10,5,0.3,0.3,0.4,0.4,GraphSAGE,16,0
0.8312,0.836829784119198,0.8312,0.832540460522795,5,125,10,500,500,10,5,0.3,0.3,0.4,0.4,Chebnet,8,0
0.8224,0.824681798126458,0.8224,0.822976895953127,5,125,5,500,500,10,5,0.3,0.3,0.4,0.4,MLP,0,0
0.8176,0.818155920618168,0.8176,0.817506135086995,5,50,5,500,500,10,5,0.3,0.3,0.4,0.4,GraphSAGE,4,0
0.8176,0.819570197571698,0.8176,0.817652302479199,5,50,5,500,500,10,5,0.3,0.3,0.4,0.4,MLP,0,32
0.8128,0.815649157739521,0.8128,0.81379452128991,5,50,10,500,500,10,5,0.3,0.3,0.4,0.4,MLP,0,16
0.8128,0.814059436136323,0.8128,0.812962158329471,5,50,5,500,500,10,5,0.3,0.3,0.4,0.4,Chebnet,8,0
0.8108,0.811890514189086,0.8108,0.811135681287491,5,50,10,500,500,10,5,0.3,0.3,0.4,0.4,MLP,0,0
0.8104,0.813065716788222,0.8104,0.811061412173577,5,125,5,500,500,10,5,0.3,0.3,0.4,0.4,Chebnet,8,0
0.81,0.816034869690116,0.81,0.810440733548179,5,125,5,500,500,10,5,0.3,0.3,0.4,0.4,GraphSAGE,4,0
0.808,0.808884407881615,0.808,0.807942771321866,5,50,10,500,500,10,5,0.3,0.3,0.4,0.4,GraphSAGE,8,0
0.8048,0.80766995872316,0.8048,0.804053403445168,5,50,10,500,500,10,5,0.3,0.3,0.4,0.4,MLP,0,32
0.8032,0.804215541765792,0.8032,0.803442148939642,5,50,5,500,500,10,5,0.3,0.3,0.4,0.4,Chebnet,16,0
0.8024,0.805814845897251,0.8024,0.803630200003002,5,125,10,500,500,10,5,0.3,0.3,0.4,0.4,MLP,0,0
0.7964,0.800064109579672,0.7964,0.795505669362833,5,50,5,500,500,10,5,0.3,0.3,0.4,0.4,Chebnet,16,0
0.7888,0.79128453842898,0.7888,0.7895942823657,5,50,5,500,500,10,5,0.3,0.3,0.4,0.4,Chebnet,4,0
0.7888,0.790613126785131,0.7888,0.789136381942736,5,50,5,500,500,10,5,0.3,0.3,0.4,0.4,MLP,0,16
0.7884,0.789663310387505,0.7884,0.788035233348129,5,50,5,500,500,10,5,0.3,0.3,0.4,0.4,GraphSAGE,8,0
0.7868,0.787629254184133,0.7868,0.786689960009438,5,50,5,500,500,10,5,0.3,0.3,0.4,0.4,GraphSAGE,8,0
0.7844,0.785862121278346,0.7844,0.784798233486152,5,50,10,500,500,10,5,0.3,0.3,0.4,0.4,Chebnet,4,0
0.7832,0.783076792832147,0.7832,0.783048184310303,5,125,5,500,500,10,5,0.3,0.3,0.4,0.4,GraphSAGE,8,0
0.782,0.788933587871621,0.782,0.783181348552517,5,125,5,500,500,10,5,0.3,0.3,0.4,0.4,Chebnet,4,0
0.7792,0.782333043966646,0.7792,0.779036975972865,5,50,5,500,500,10,5,0.3,0.3,0.4,0.4,GraphSAGE,16,0
0.7784,0.783115360125424,0.7784,0.779640799681055,5,125,10,500,500,10,5,0.3,0.3,0.4,0.4,GraphSAGE,4,0
0.7768,0.78109998907836,0.7768,0.777034521822109,5,50,5,500,500,10,5,0.3,0.3,0.4,0.4,Chebnet,8,0
0.774,0.78492111942507,0.774,0.775889670941793,5,125,5,500,500,10,5,0.3,0.3,0.4,0.4,Chebnet,16,0
0.7736,0.776626876183999,0.7736,0.774311961207149,5,125,10,500,500,10,5,0.3,0.3,0.4,0.4,Chebnet,16,0
0.7728,0.778774360863313,0.7728,0.774029595044725,5,125,10,500,500,10,5,0.3,0.3,0.4,0.4,GraphSAGE,16,0
0.7728,0.77284388823318,0.7728,0.772487128206287,5,50,10,500,500,10,5,0.3,0.3,0.4,0.4,Chebnet,16,0
0.7716,0.778247680073437,0.7716,0.773690784176961,5,125,5,500,500,10,5,0.3,0.3,0.4,0.4,Chebnet,8,0
0.7712,0.771097106187202,0.7712,0.771080353810884,5,125,50,500,500,10,5,0.3,0.3,0.4,0.4,MLP,0,0
0.77,0.775116801355744,0.77,0.770395003206596,5,125,10,500,500,10,5,0.3,0.3,0.4,0.4,MLP,0,32
0.7696,0.779481456035891,0.7696,0.769615867492177,5,50,5,500,500,10,5,0.3,0.3,0.4,0.4,GraphSAGE,4,0
0.768,0.768678239186936,0.768,0.768059772715642,5,50,5,500,500,10,5,0.3,0.3,0.4,0.4,MLP,0,0
0.7624,0.765336964598864,0.7624,0.763061079541147,5,125,10,500,500,10,5,0.3,0.3,0.4,0.4,GraphSAGE,8,0
0.7596,0.763112913979394,0.7596,0.759893127798073,5,50,5,500,500,10,5,0.3,0.3,0.4,0.4,MLP,0,32
0.756,0.756057110571658,0.756,0.75595101468849,5,50,10,500,500,10,5,0.3,0.3,0.4,0.4,MLP,0,32
0.7508,0.752201862409044,0.7508,0.750893410400667,5,125,10,500,500,10,5,0.3,0.3,0.4,0.4,Chebnet,4,0
0.75,0.750134679758454,0.75,0.749754669390784,5,50,5,500,500,10,5,0.3,0.3,0.4,0.4,Chebnet,4,0
0.7496,0.750099145944363,0.7496,0.749185034407054,5,125,10,500,500,10,5,0.3,0.3,0.4,0.4,MLP,0,32
0.74,0.741862901742197,0.74,0.740110756655283,5,50,10,500,500,10,5,0.3,0.3,0.4,0.4,GraphSAGE,4,0
0.7372,0.736745853954678,0.7372,0.736824295850415,5,125,5,500,500,10,5,0.3,0.3,0.4,0.4,Chebnet,16,0
0.736,0.736529742509766,0.736,0.736083038558661,5,125,5,500,500,10,5,0.3,0.3,0.4,0.4,MLP,0,16
0.7348,0.740161012543441,0.7348,0.736468770296941,5,125,5,500,500,10,5,0.3,0.3,0.4,0.4,GraphSAGE,16,0
0.718,0.718501482560208,0.718,0.717614259979923,5,50,5,500,500,10,5,0.3,0.3,0.4,0.4,GraphSAGE,16,0
0.7116,0.713060992324152,0.7116,0.711668114264803,5,125,10,500,500,10,5,0.3,0.3,0.4,0.4,MLP,0,16
0.7096,0.713642900604553,0.7096,0.708983965206478,5,125,5,500,500,10,5,0.3,0.3,0.4,0.4,MLP,0,32
0.7084,0.708919081390093,0.7084,0.708463677873349,5,125,50,500,500,10,5,0.3,0.3,0.4,0.4,Chebnet,8,0
0.7076,0.707318361529263,0.7076,0.707224215406032,5,125,50,500,500,10,5,0.3,0.3,0.4,0.4,MLP,0,16
0.7032,0.703361395640134,0.7032,0.702350510742339,5,125,50,500,500,10,5,0.3,0.3,0.4,0.4,GraphSAGE,8,0
0.7008,0.720967042637417,0.7008,0.70068946940535,5,50,10,500,500,10,5,0.3,0.3,0.4,0.4,MLP,0,16
0.6988,0.701195342133431,0.6988,0.699153067068574,5,125,5,500,500,10,5,0.3,0.3,0.4,0.4,MLP,0,32
0.6984,0.700485897331174,0.6984,0.698131154292094,5,125,50,500,500,10,5,0.3,0.3,0.4,0.4,GraphSAGE,16,0
0.694,0.695151043870628,0.694,0.694302296918842,5,125,50,500,500,10,5,0.3,0.3,0.4,0.4,Chebnet,16,0
0.6924,0.696239301722356,0.6924,0.692588183185298,5,125,50,500,500,10,5,0.3,0.3,0.4,0.4,Chebnet,4,0
0.6904,0.691315870102537,0.6904,0.690422348279514,5,125,50,500,500,10,5,0.3,0.3,0.4,0.4,MLP,0,32
0.6884,0.694724146563144,0.6884,0.689240930746309,5,125,5,500,500,10,5,0.3,0.3,0.4,0.4,Chebnet,4,0
0.6776,0.679354759526564,0.6776,0.677697621714983,5,125,50,500,500,10,5,0.3,0.3,0.4,0.4,GraphSAGE,4,0
0.666,0.697737279026657,0.666,0.675024713747175,5,125,5,500,500,10,5,0.3,0.3,0.4,0.4,GraphSAGE,4,0
0.648,0.651013884532774,0.648,0.648112378768651,5,50,10,500,500,10,2,0.3,0.3,0.4,0.4,MLP,0,32
0.6328,0.638388786679007,0.6328,0.63355023513087,5,50,10,500,500,10,2,0.3,0.3,0.4,0.4,Chebnet,8,0
0.6324,0.638536165140961,0.6324,0.632499296156292,5,125,10,500,500,10,5,0.3,0.3,0.4,0.4,MLP,0,16
0.6284,0.648648099896148,0.6284,0.632853088902983,5,125,5,500,500,10,5,0.3,0.3,0.4,0.4,GraphSAGE,16,0
0.618,0.618900029560865,0.618,0.617911258985922,5,125,50,500,500,10,2,0.3,0.3,0.4,0.4,MLP,0,0
0.612,0.646971079991203,0.612,0.610310051491902,5,125,50,500,500,10,5,0.3,0.3,0.4,0.4,MLP,0,16
0.612,0.616469717877869,0.612,0.613005870609845,5,50,10,500,500,10,2,0.3,0.3,0.4,0.4,GraphSAGE,4,0
0.612,0.615424043211559,0.612,0.611477623485754,5,50,5,500,500,10,2,0.3,0.3,0.4,0.4,MLP,0,0
0.6116,0.612389965023894,0.6116,0.609277889649984,5,50,10,500,500,10,2,0.3,0.3,0.4,0.4,Chebnet,4,0
0.608,0.62708427968239,0.608,0.610578008809973,5,50,5,500,500,10,2,0.3,0.3,0.4,0.4,MLP,0,32
0.6004,0.618346006731298,0.6004,0.603391663325603,5,125,5,500,500,10,5,0.3,0.3,0.4,0.4,MLP,0,16
0.5972,0.611041019811426,0.5972,0.596046513434229,5,125,5,500,500,10,5,0.3,0.3,0.4,0.4,GraphSAGE,8,0
0.5964,0.603147910594012,0.5964,0.59802332595693,5,50,10,500,500,10,2,0.3,0.3,0.4,0.4,MLP,0,0
0.5904,0.598402188921703,0.5904,0.5927216762096,5,50,10,500,500,10,2,0.3,0.3,0.4,0.4,MLP,0,16
0.5876,0.595342327699675,0.5876,0.588252046225782,5,125,50,500,500,10,2,0.3,0.3,0.4,0.4,GraphSAGE,8,0
0.5852,0.617517396616814,0.5852,0.591057378142612,5,125,10,500,500,10,2,0.3,0.3,0.4,0.4,GraphSAGE,8,0
0.5844,0.596188455735095,0.5844,0.584432973521053,5,50,10,500,500,10,2,0.3,0.3,0.4,0.4,Chebnet,16,0
0.584,0.588277692017237,0.584,0.585274548019033,5,50,10,500,500,10,2,0.3,0.3,0.4,0.4,GraphSAGE,8,0
0.578,0.57988379587174,0.578,0.57801620475395,5,125,50,500,500,10,2,0.3,0.3,0.4,0.4,Chebnet,16,0
0.5768,0.610239302049007,0.5768,0.575627010320305,5,50,5,500,500,10,5,0.3,0.3,0.4,0.4,MLP,0,16
0.5768,0.583612924706234,0.5768,0.577559944987777,5,50,5,500,500,10,2,0.3,0.3,0.4,0.4,GraphSAGE,8,0
0.5756,0.579220812768052,0.5756,0.575501945897937,5,125,50,500,500,10,2,0.3,0.3,0.4,0.4,Chebnet,8,0
0.5752,0.576021900376491,0.5752,0.575521334393702,5,125,50,500,500,10,2,0.3,0.3,0.4,0.4,MLP,0,32
0.5724,0.573929133918343,0.5724,0.572859499106377,5,50,10,500,500,10,2,0.3,0.3,0.4,0.4,GraphSAGE,16,0
0.5708,0.578179364811998,0.5708,0.571347404450334,5,50,5,500,500,10,2,0.3,0.3,0.4,0.4,Chebnet,8,0
0.5704,0.571674485162468,0.5704,0.570254819798698,5,125,10,500,500,10,2,0.3,0.3,0.4,0.4,MLP,0,0
0.5648,0.569724447986161,0.5648,0.56528058759238,5,50,5,500,500,10,2,0.3,0.3,0.4,0.4,MLP,0,16
0.5628,0.571137202284189,0.5628,0.564070477268544,5,125,50,500,500,10,2,0.3,0.3,0.4,0.4,GraphSAGE,16,0
0.56,0.559478406520387,0.56,0.559378752478838,5,125,50,500,500,10,2,0.3,0.3,0.4,0.4,Chebnet,4,0
0.556,0.589217674127482,0.556,0.555205380000424,5,125,50,500,500,10,5,0.3,0.3,0.4,0.4,MLP,0,32
0.5544,0.557068982908147,0.5544,0.554292412430741,5,125,50,500,500,10,2,0.3,0.3,0.4,0.4,GraphSAGE,4,0
0.5532,0.578897740206938,0.5532,0.557200666598144,5,125,10,500,500,10,2,0.3,0.3,0.4,0.4,Chebnet,4,0
0.5532,0.559508065258136,0.5532,0.552498110298234,5,50,5,500,500,10,2,0.3,0.3,0.4,0.4,GraphSAGE,4,0
0.552,0.565130253250762,0.552,0.553688995089519,5,125,10,500,500,10,2,0.3,0.3,0.4,0.4,MLP,0,16
0.5516,0.564226410845384,0.5516,0.554612783251665,5,125,10,500,500,10,2,0.3,0.3,0.4,0.4,MLP,0,32
0.5452,0.546424110080895,0.5452,0.545347431434874,5,125,50,500,500,10,2,0.3,0.3,0.4,0.4,MLP,0,16
0.5432,0.558295498998893,0.5432,0.545843226875878,5,125,5,500,500,10,2,0.3,0.3,0.4,0.4,MLP,0,32
0.5424,0.573410861153494,0.5424,0.547480693395658,5,50,5,500,500,10,2,0.3,0.3,0.4,0.4,Chebnet,16,0
0.532,0.53634611097253,0.532,0.530555790883814,5,125,10,500,500,10,2,0.3,0.3,0.4,0.4,GraphSAGE,4,0
0.5224,0.526949795102826,0.5224,0.523468751962975,5,125,10,500,500,10,2,0.3,0.3,0.4,0.4,Chebnet,8,0
0.5072,0.525218536628826,0.5072,0.507812023611137,5,50,5,500,500,10,2,0.3,0.3,0.4,0.4,Chebnet,4,0
0.5004,0.517784568223748,0.5004,0.501298507651746,5,125,10,500,500,10,2,0.3,0.3,0.4,0.4,GraphSAGE,16,0
0.4996,0.519316722681119,0.4996,0.502795777884267,5,125,5,500,500,10,2,0.3,0.3,0.4,0.4,Chebnet,4,0
0.4964,0.499269181954341,0.4964,0.496874216585833,5,125,5,500,500,10,2,0.3,0.3,0.4,0.4,Chebnet,8,0
0.4932,0.509697691377669,0.4932,0.494837706575634,5,125,10,500,500,10,2,0.3,0.3,0.4,0.4,Chebnet,16,0
0.4916,0.507244655561793,0.4916,0.495356783506422,5,50,5,500,500,10,2,0.3,0.3,0.4,0.4,GraphSAGE,16,0
0.4912,0.493880071961283,0.4912,0.491781607549559,5,125,5,500,500,10,2,0.3,0.3,0.4,0.4,MLP,0,16
0.4856,0.500173252533044,0.4856,0.486406078341917,5,125,5,500,500,10,2,0.3,0.3,0.4,0.4,GraphSAGE,4,0
0.4716,0.47162617742472,0.4716,0.47137559819158,5,125,5,500,500,10,2,0.3,0.3,0.4,0.4,GraphSAGE,16,0
0.4444,0.444446953642908,0.4444,0.444003694873798,5,125,5,500,500,10,2,0.3,0.3,0.4,0.4,GraphSAGE,8,0
0.4332,0.454727884825451,0.4332,0.438021613890048,5,125,5,500,500,10,2,0.3,0.3,0.4,0.4,MLP,0,0
0.43,0.456174009806263,0.43,0.434620619414437,5,125,5,500,500,10,2,0.3,0.3,0.4,0.4,Chebnet,16,0
0.3276,0.341359727776707,0.3276,0.304403487346198,5,125,50,500,500,10,2,0.3,0.3,0.4,0.4,MLP,0,32
0.306,0.337526726908838,0.306,0.305827687893662,5,125,5,500,500,10,2,0.3,0.3,0.4,0.4,MLP,0,16
0.3036,0.332048332452953,0.3036,0.302013834366861,5,125,10,500,500,10,2,0.3,0.3,0.4,0.4,MLP,0,16
0.3016,0.34959881459053,0.3016,0.2868748125782,5,50,10,500,500,10,2,0.3,0.3,0.4,0.4,MLP,0,16
0.2904,0.333448773808038,0.2904,0.264693418699024,5,125,50,500,500,10,2,0.3,0.3,0.4,0.4,MLP,0,16
0.286,0.290434844487,0.286,0.286540776329537,5,125,10,500,500,10,2,0.3,0.3,0.4,0.4,MLP,0,32
0.2656,0.271863657982718,0.2656,0.264884403287984,5,125,5,500,500,10,2,0.3,0.3,0.4,0.4,MLP,0,32
0.2616,0.26977446828718,0.2616,0.259394619941409,5,125,10,500,500,10,2,0.3,0.3,0.4,0.4,Chebnet,4,0
0.2608,0.261929900513296,0.2608,0.258625583831179,5,50,10,500,500,10,5,0.3,0.3,0.4,0.4,MLP,0,0
0.2588,0.266118910547557,0.2588,0.251984376726612,5,50,10,500,500,10,2,0.3,0.3,0.4,0.4,MLP,0,32
0.2496,0.255485192076267,0.2496,0.250741717054102,5,125,5,500,500,10,2,0.3,0.3,0.4,0.4,Chebnet,4,0
0.2484,0.266527592532737,0.2484,0.252160021130722,5,125,5,500,500,10,2,0.3,0.3,0.4,0.4,GraphSAGE,4,0
0.2468,0.264590401149689,0.2468,0.224842498557313,5,50,5,500,500,10,2,0.3,0.3,0.4,0.4,MLP,0,16
0.2432,0.258807959176894,0.2432,0.240906503717626,5,125,5,500,500,10,2,0.3,0.3,0.4,0.4,GraphSAGE,8,0
0.2412,0.240592484985371,0.2412,0.240624172327743,5,125,10,500,500,10,5,0.3,0.3,0.4,0.4,MLP,0,0
0.238,0.235768298913813,0.238,0.235175245544549,5,50,5,500,500,10,5,0.3,0.3,0.4,0.4,MLP,0,0
0.2332,0.256396360941586,0.2332,0.237443465498919,5,125,5,500,500,10,2,0.3,0.3,0.4,0.4,Chebnet,16,0
0.232,0.232594065810816,0.232,0.231579281898081,5,125,50,500,500,10,5,0.3,0.3,0.4,0.4,MLP,0,0
0.2308,0.254507833668977,0.2308,0.230450746492683,5,50,5,500,500,10,2,0.3,0.3,0.4,0.4,MLP,0,32
0.2292,0.22931894850721,0.2292,0.22865197770051,5,125,5,500,500,10,5,0.3,0.3,0.4,0.4,MLP,0,0
0.2264,0.235904536184477,0.2264,0.219110346997191,5,125,10,500,500,10,2,0.3,0.3,0.4,0.4,GraphSAGE,8,0
0.2172,0.21851534629983,0.2172,0.216056995951102,5,50,50,500,500,10,5,0.3,0.3,0.4,0.4,Chebnet,16,0
0.216,0.215617469926709,0.216,0.211684083435516,5,50,50,500,500,10,5,0.3,0.3,0.4,0.4,GraphSAGE,8,0
0.2156,0.215255786147777,0.2156,0.211739699130092,5,50,50,500,500,10,5,0.3,0.3,0.4,0.4,MLP,0,16
0.2144,0.216706962409154,0.2144,0.214129006954602,5,50,5,500,500,10,2,0.3,0.3,0.4,0.4,GraphSAGE,4,0
0.2136,0.215763983781962,0.2136,0.210784191118362,5,125,10,500,500,10,2,0.3,0.3,0.4,0.4,Chebnet,8,0
0.2124,0.211779835681689,0.2124,0.211355095312869,5,50,50,500,500,10,5,0.3,0.3,0.4,0.4,Chebnet,4,0
0.2108,0.210582488970815,0.2108,0.204769949938826,5,50,50,500,500,10,2,0.3,0.3,0.4,0.4,MLP,0,0
0.2104,0.215206784346442,0.2104,0.211843641388666,5,125,5,500,500,10,2,0.3,0.3,0.4,0.4,Chebnet,8,0
0.2104,0.209817104195182,0.2104,0.20445684815725,5,50,50,500,500,10,2,0.3,0.3,0.4,0.4,MLP,0,0
0.2096,0.20969608009101,0.2096,0.205225164589188,5,50,50,500,500,10,2,0.3,0.3,0.4,0.4,Chebnet,4,0
0.2096,0.211404050932906,0.2096,0.205865746343562,5,50,50,500,500,10,5,0.3,0.3,0.4,0.4,GraphSAGE,16,0
0.2076,0.204132461883946,0.2076,0.203873461946961,5,50,10,500,500,10,2,0.3,0.3,0.4,0.4,MLP,0,0
0.2076,0.209192380687165,0.2076,0.205348024403898,5,50,50,500,500,10,5,0.3,0.3,0.4,0.4,GraphSAGE,4,0
0.2068,0.205023833210659,0.2068,0.204925072992472,5,50,50,500,500,10,2,0.3,0.3,0.4,0.4,MLP,0,32
0.206,0.204872616256496,0.206,0.201967684901876,5,50,50,500,500,10,5,0.3,0.3,0.4,0.4,MLP,0,0
0.2048,0.205749135271133,0.2048,0.204531876171022,5,125,5,500,500,10,2,0.3,0.3,0.4,0.4,MLP,0,0
0.2048,0.204831632051426,0.2048,0.204312572062414,5,50,50,500,500,10,2,0.3,0.3,0.4,0.4,GraphSAGE,4,0
0.204,0.205023013453973,0.204,0.199751624316242,5,50,50,500,500,10,2,0.3,0.3,0.4,0.4,Chebnet,16,0
0.204,0.207747610540836,0.204,0.201813765026473,5,50,50,500,500,10,5,0.3,0.3,0.4,0.4,MLP,0,32
0.2036,0.200423923359681,0.2036,0.199754197651283,5,50,50,500,500,10,2,0.3,0.3,0.4,0.4,GraphSAGE,16,0
0.2032,0.203466859286587,0.2032,0.202165149196468,5,125,50,500,500,10,2,0.3,0.3,0.4,0.4,MLP,0,0
0.2032,0.202823335889756,0.2032,0.201340374535979,5,50,50,500,500,10,5,0.3,0.3,0.4,0.4,Chebnet,8,0
0.2028,0.203259796866291,0.2028,0.201953093967324,5,125,10,500,500,10,2,0.3,0.3,0.4,0.4,MLP,0,0
0.2028,0.204538995857087,0.2028,0.202728391233831,5,50,50,500,500,10,2,0.3,0.3,0.4,0.4,GraphSAGE,8,0
0.2024,0.202632781287865,0.2024,0.200972962248321,5,50,6,500,500,10,2,0.3,0.3,0.4,0.4,MLP,0,0
0.2012,0.199884204829899,0.2012,0.189261052788846,5,125,50,500,500,10,2,0.3,0.3,0.4,0.4,GraphSAGE,16,0
0.2008,0.090112540192926,0.2008,0.0691442854752343,5,50,50,500,500,10,2,0.3,0.3,0.4,0.4,MLP,0,32
0.2004,0.200270736622641,0.2004,0.199044844559426,5,50,5,500,500,10,2,0.3,0.3,0.4,0.4,MLP,0,0
0.2004,0.0818239259927244,0.2004,0.0762931814642236,5,50,50,500,500,10,2,0.3,0.3,0.4,0.4,MLP,0,16
0.2,0.04,0.2,0.0666666666666667,5,50,50,500,500,10,2,0.3,0.3,0.4,0.4,Chebnet,16,0
0.2,0.04,0.2,0.0666666666666667,5,50,50,500,500,10,2,0.3,0.3,0.4,0.4,Chebnet,4,0
0.2,0.04,0.2,0.0666666666666667,5,50,50,500,500,10,2,0.3,0.3,0.4,0.4,Chebnet,8,0
0.2,0.04,0.2,0.0666666666666667,5,50,50,500,500,10,2,0.3,0.3,0.4,0.4,GraphSAGE,16,0
0.2,0.04,0.2,0.0666666666666667,5,50,50,500,500,10,2,0.3,0.3,0.4,0.4,GraphSAGE,4,0
0.2,0.04,0.2,0.0666666666666667,5,50,50,500,500,10,2,0.3,0.3,0.4,0.4,GraphSAGE,8,0
0.2,0.04,0.2,0.0666666666666667,5,50,50,500,500,10,5,0.3,0.3,0.4,0.4,Chebnet,4,0
0.2,0.04,0.2,0.0666666666666667,5,50,50,500,500,10,5,0.3,0.3,0.4,0.4,Chebnet,8,0
0.2,0.04,0.2,0.0666666666666667,5,50,50,500,500,10,5,0.3,0.3,0.4,0.4,GraphSAGE,16,0
0.2,0.04,0.2,0.0666666666666667,5,50,50,500,500,10,5,0.3,0.3,0.4,0.4,GraphSAGE,8,0
0.2,0.198500811270932,0.2,0.153629547899089,5,50,50,500,500,10,5,0.3,0.3,0.4,0.4,MLP,0,32
0.1976,0.123391084763073,0.1976,0.0708128028418376,5,50,50,500,500,10,5,0.3,0.3,0.4,0.4,Chebnet,16,0
0.1968,0.198262428795854,0.1968,0.194531344639876,5,50,50,500,500,10,2,0.3,0.3,0.4,0.4,Chebnet,8,0
0.194,0.195003222320079,0.194,0.193070724702525,5,50,50,500,500,10,2,0.3,0.3,0.4,0.4,MLP,0,16
0.1932,0.248769077031795,0.1932,0.120456128790442,5,50,50,500,500,10,5,0.3,0.3,0.4,0.4,MLP,0,16
0.1912,0.195008361617927,0.1912,0.190689183396809,5,125,10,500,500,10,2,0.3,0.3,0.4,0.4,GraphSAGE,16,0
0.1892,0.190786423022872,0.1892,0.187780899167146,5,125,10,500,500,10,2,0.3,0.3,0.4,0.4,GraphSAGE,4,0
0.1884,0.200840827528199,0.1884,0.189644237772468,5,125,10,500,500,10,2,0.3,0.3,0.4,0.4,Chebnet,16,0
0.1864,0.192037347154077,0.1864,0.185966362223205,5,50,10,500,500,10,2,0.3,0.3,0.4,0.4,Chebnet,4,0
0.1832,0.182069412487311,0.1832,0.182023161865178,5,50,50,500,500,10,5,0.3,0.3,0.4,0.4,MLP,0,0
0.1788,0.191368727064232,0.1788,0.181526832945357,5,50,5,500,500,10,2,0.3,0.3,0.4,0.4,Chebnet,16,0
0.1752,0.176707576590188,0.1752,0.173143115639545,5,125,5,500,500,10,2,0.3,0.3,0.4,0.4,GraphSAGE,16,0
0.1724,0.171987035788353,0.1724,0.170490484020324,5,50,5,500,500,10,2,0.3,0.3,0.4,0.4,GraphSAGE,8,0
0.166,0.167429443891768,0.166,0.163412932734533,5,50,5,500,500,10,2,0.3,0.3,0.4,0.4,GraphSAGE,16,0
0.1644,0.171967494540754,0.1644,0.164847249281048,5,50,5,500,500,10,2,0.3,0.3,0.4,0.4,Chebnet,4,0
0.1628,0.16622229694029,0.1628,0.159407031953734,5,50,10,500,500,10,2,0.3,0.3,0.4,0.4,GraphSAGE,8,0
0.1624,0.157657920514425,0.1624,0.157897924338468,5,125,50,500,500,10,2,0.3,0.3,0.4,0.4,GraphSAGE,8,0
0.1624,0.165251891431754,0.1624,0.161412997538318,5,50,5,500,500,10,2,0.3,0.3,0.4,0.4,Chebnet,8,0
0.1572,0.154854175446984,0.1572,0.150047567508316,5,50,10,500,500,10,2,0.3,0.3,0.4,0.4,Chebnet,16,0
0.1508,0.146946715560048,0.1508,0.14721372712939,5,50,10,500,500,10,2,0.3,0.3,0.4,0.4,Chebnet,8,0
0.1456,0.146960581752218,0.1456,0.144083599037367,5,50,10,500,500,10,2,0.3,0.3,0.4,0.4,GraphSAGE,16,0
0.1444,0.137393280262335,0.1444,0.138453521001246,5,125,50,500,500,10,2,0.3,0.3,0.4,0.4,Chebnet,4,0
0.144,0.141983120080754,0.144,0.13962246028427,5,125,50,500,500,10,2,0.3,0.3,0.4,0.4,Chebnet,8,0
0.1312,0.133423858065702,0.1312,0.129497247017869,5,125,50,500,500,10,2,0.3,0.3,0.4,0.4,GraphSAGE,4,0
0.1288,0.12731537085058,0.1288,0.125236381905824,5,50,10,500,500,10,2,0.3,0.3,0.4,0.4,GraphSAGE,4,0
0.0888,0.0897829598448741,0.0888,0.0886125892843167,5,125,50,500,500,10,2,0.3,0.3,0.4,0.4,Chebnet,16,0
