410
3137
2624
1499
2842
1999
2981
3822
2755
802
4020
217
2438
350
1586
1363
516
1041
1228
3466
2469
1112
4614
3289
1596
4728
3270
2089
4203
4839
1914
3532
3566
3700
749
4517
3427
2837
1970
4054
1571
3444
3421
3535
378
1965
4943
4786
1412
624
295
2721
3585
3274
3110
4931
3947
1108
2658
2996
2234
1913
648
2887
545
1967
3654
303
4402
839
4383
2943
2951
702
4879
2378
1870
3795
1317
3344
799
373
250
523
2716
1418
3594
2923
2414
2730
2503
3169
117
2978
4520
1102
1835
4389
1211
579
2877
3372
2486
3256
3911
1550
4407
539
1377
4246
2619
4014
2262
1287
4178
2353
1071
2041
3638
1698
3496
2386
4379
4831
4006
2273
2913
1696
445
2276
44
425
2662
2039
78
1677
1762
3076
1144
2399
2909
612
3779
825
2467
1928
405
123
2603
3182
3754
1482
4120
2167
4492
4688
3288
2036
2550
4618
1664
3592
4031
4175
120
2682
3841
3701
4779
4
1452
1322
2213
1646
1221
3244
1515
4952
1152
1918
246
258
4567
4954
1672
275
1895
701
265
3262
1778
3776
813
1827
2747
2323
2015
2642
2564
293
3464
358
3573
1872
792
3780
2516
2034
1755
775
3974
173
559
2655
3463
2148
222
3511
2507
4377
4151
81
1785
4461
663
1050
958
4207
1001
1286
4501
4159
2838
2482
248
2490
1288
2746
2888
768
773
4366
1695
557
1315
4544
592
72
3901
1658
4825
1270
3544
3598
3846
3925
1111
449
198
2628
3303
1034
3880
1349
4156
3959
2233
3332
1184
1240
3503
1510
4625
3698
4487
4794
2902
3902
3156
3299
1568
267
996
2254
4182
3997
1516
4365
2159
1819
3848
2288
4890
3199
4717
4860
548
3294
4137
1915
4734
4406
1938
4667
1559
2884
4169
4510
264
3197
4433
565
3139
593
422
706
223
4806
4804
4249
4581
417
1118
3001
2596
160
4081
3852
3226
2707
49
3492
370
2870
4746
3127
531
508
1150
4192
2142
3674
42
1347
1113
141
3320
334
1331
1126
481
1733
3020
443
3571
1923
2572
4142
2836
4876
2373
4911
1911
4714
416
3670
4336
4642
834
621
3839
3425
1023
4883
2052
3759
1723
3659
4902
1531
2982
1434
4965
3977
4992
1119
2765
1704
1564
2822
797
2635
2904
2048
4152
2979
95
1122
555
724
3520
2586
3307
4285
3770
2862
1971
664
2448
2077
4225
2250
3551
2364
4000
382
2622
2669
2196
2566
1933
3570
88
1447
3016
3134
2848
3969
1803
1101
595
4924
400
2704
3962
3255
1627
1501
3276
3119
2753
3733
2876
3188
4541
401
1386
2728
159
3732
2037
2629
4966
2417
4767
4018
3439
2626
4604
1979
4496
4395
4313
459
3991
1719
4933
2683
1806
2963
4865
3771
2667
3660
4363
245
3230
1039
2258
2854
1226
835
2949
4768
4087
2914
3152
3097
3881
4226
2766
109
2337
2416
953
3913
1717
4789
4584
558
4947
2219
2182
2942
952
967
4214
1431
2390
2185
3671
676
1273
1472
610
2999
3292
880
360
1395
232
3231
3347
2082
115
2277
2502
1935
239
1160
3998
1729
4686
614
1725
2934
652
2106
2084
549
1525
1713
1462
456
197
3601
704
3908
3338
505
2793
4568
4247
4119
3515
4160
3937
3153
1734
735
461
70
4856
3557
3460
4398
1440
2359
1367
3714
1741
4068
2443
432
2161
3954
4985
3632
3095
4645
1435
1451
2011
1374
4518
161
1682
1837
1888
2408
4895
3409
4410
3538
3629
3807
2825
2542
4280
4696
243
4652
527
3621
1203
4367
4755
1285
4422
3474
3352
4504
1441
1706
1142
199
3171
1350
3584
1867
783
4633
4723
4138
4996
4174
3472
4505
4289
600
4854
3108
4551
914
763
4442
1132
2500
886
3047
1879
1674
3531
1355
2691
1593
850
992
3130
2035
1773
4111
3154
2678
3475
738
2559
1673
1194
4391
2634
2845
575
1962
3022
496
3861
1688
3740
1855
2194
2157
3691
895
2043
431
2032
1757
2649
2317
1711
3267
3334
2071
3876
2558
1052
1824
68
4049
1154
1299
4687
363
641
581
3315
3933
1772
669
4231
259
4675
93
905
2962
2259
3048
3750
4073
3581
507
1077
1134
2104
3458
1662
2421
2464
536
1137
4891
1553
4107
2228
3296
3981
2659
1652
900
2965
1488
533
4587
4980
3013
4171
294
810
2851
348
830
4843
1183
351
4457
1171
695
2332
1987
4046
3564
3768
2445
3029
933
550
4805
407
4112
4894
4882
4503
2429
3717
1362
2847
1556
590
2101
3815
3992
190
2592
4070
3172
4502
4301
3162
4689
315
2360
3246
4162
4103
2336
2915
1495
3508
1848
2238
2109
3817
1549
1063
3976
2543
1574
1061
3312
1330
4914
1657
2432
847
1963
1318
1732
2614
1505
2370
2257
3485
1546
2334
3039
3657
923
2201
4148
4272
869
2480
2078
3808
4048
3831
4844
3966
3963
1212
2415
2883
4908
1332
4699
2321
852
633
3639
2924
1411
2995
4800
1709
2245
1493
2514
4899
2988
3362
3243
1049
1487
4950
3452
892
3648
1591
2758
2085
1561
3555
2993
3242
3185
1469
1260
3088
740
4297
4816
3872
2785
3089
1944
4348
1325
2831
421
2994
1891
751
4091
1197
1080
647
4903
3744
4154
1296
2122
2380
3447
2302
1234
660
3891
4473
1196
845
4083
2103
2684
187
2180
4978
4062
4606
2255
1207
3599
2307
1180
1777
2099
1828
3987
2027
4168
1578
4288
4094
2788
3530
3889
1401
628
1752
3595
4833
4576
4867
855
1748
3417
4101
4293
1271
4224
717
434
2489
4113
4019
1857
1905
2554
1925
1032
3184
423
1456
4525
2950
219
1608
2413
1217
3040
1298
694
842
4488
1601
2145
3689
2335
901
598
1025
4993
928
188
3266
4698
3395
4678
3194
4386
4133
1015
2969
2513
3150
1115
4381
1896
1146
4324
4928
2237
2938
129
2217
3413
3398
2609
4036
3349
3975
3510
2623
2318
2203
229
1387
2455
2073
2703
2812
3707
1689
84
4008
4060
1934
4643
2116
4857
4521
699
2531
3141
4770
4494
3534
418
2403
381
884
2689
3578
233
3775
4912
2162
4715
3652
4361
3705
1543
2225
1653
2501
3624
1460
3283
4453
4161
2896
447
3946
584
1388
4927
2882
3348
893
3328
867
1182
4195
390
4165
4613
3802
3863
3818
4350
849
3098
1384
2493
3783
3983
2506
22
3642
2745
2198
1597
4346
3982
1776
601
1018
2754
29
4135
3944
4519
1306
4090
1243
3432
256
2314
535
335
3059
2047
1416
1255
3346
3827
4893
1649
4460
4352
4190
2974
2301
2927
582
1358
286
4710
569
3117
3360
2454
4187
2096
1620
1974
4859
4669
3249
897
1424
2345
4682
4760
1368
2574
587
2008
3135
1784
268
1013
1522
56
2737
3305
236
3904
2021
4482
2590
3793
4949
2158
2637
1603
4983
1509
1110
2945
1743
185
4292
719
1062
1841
1750
3407
1901
2019
2026
561
1917
4360
859
1817
3083
2282
1740
2738
1031
1651
3699
4475
1366
3343
3043
105
1086
3695
2735
3019
3577
178
2834
3314
3731
3435
262
3433
474
1455
2908
1844
2557
2340
201
3193
116
4727
3004
1266
2246
3591
2770
2088
204
59
2535
2220
1594
491
1206
1521
856
4822
2069
3
1198
4820
697
2401
4311
2674
721
4744
1902
2291
206
2783
812
690
4476
1949
1956
4662
2031
2342
4963
292
3380
4140
911
4253
727
2955
4392
460
3075
1833
1121
3501
4319
680
1816
1810
3165
297
2881
870
2547
2714
2589
131
945
3907
4409
4429
1114
2002
2003
3116
148
3787
1648
4212
731
3167
736
1067
1569
452
1381
3065
1092
2898
4649
1988
3730
2357
4056
1631
2325
344
3702
3277
3389
2156
2880
2418
573
4968
4523
3308
2410
2315
2840
4351
2697
1400
2352
3858
4481
848
13
2498
1859
242
339
2523
3615
2005
3971
1057
1738
2763
369
4586
2967
858
1202
3658
138
61
4420
2499
2768
4861
3297
1936
4173
2540
4320
1756
1088
1403
490
3056
2344
4540
2132
1229
4058
3870
4811
446
1335
3115
2826
4749
1660
3023
2748
4281
2402
235
1072
4202
255
180
298
4847
3782
3720
1852
4145
1397
3773
1948
685
3646
3200
4092
3533
4468
463
380
3096
3173
733
4424
4731
1787
171
4191
1544
162
393
1508
144
16
2134
803
4239
4937
3984
1324
207
300
3400
3271
1691
1365
4631
409
2970
1666
4222
1650
3547
3443
2397
1444
3829
3468
202
324
420
620
2588
4004
2571
3265
2388
1941
4590
4848
2509
2483
4591
4529
1912
3514
4146
237
4088
804
2957
4445
1937
1445
2676
2475
3517
2451
4611
3186
1176
2717
3477
2916
744
4271
2930
2527
1433
3673
2423
3482
4707
4032
3821
506
213
4708
3643
3684
3519
3326
2522
3368
2094
2665
4542
1790
2519
794
4369
388
807
346
949
314
2976
2379
4423
3061
1193
741
104
1754
3572
4121
4375
986
3708
4750
2521
2492
4134
4136
3625
4533
62
4536
3248
819
254
3952
1699
4679
4269
1104
4638
3921
3554
4356
3850
4619
154
2621
1610
3263
623
4599
2903
2820
1764
4524
4441
2442
1375
1026
2256
3918
1138
617
1727
3232
521
2053
3313
277
1175
2771
66
3105
837
1195
3949
1897
1611
2971
668
387
2786
3034
4328
603
1796
4780
4385
4745
4071
3042
4144
1075
4872
3996
1351
910
4455
878
2283
3617
811
280
1980
1373
458
615
4462
4089
3866
960
1825
983
2985
2875
2105
312
966
2009
3333
916
4016
4919
3794
4617
2269
4359
365
3493
4263
3542
1730
4658
4218
1477
4298
3526
3628
3941
3469
1552
2013
4620
936
3550
4243
1130
2712
3619
3729
2398
2751
1009
1200
2339
877
2583
2610
1636
3113
3597
2074
2409
2886
650
3843
3651
4199
451
1097
3622
4446
4315
1008
1427
1364
2326
114
3282
99
1880
140
4751
1328
1633
1309
4306
574
2111
2570
3293
3882
546
3604
1840
2270
3541
764
3054
3236
2369
4994
570
3251
1894
817
4810
1348
2762
4747
2319
1010
2174
2392
2705
1125
475
2533
4874
3342
427
3470
3878
502
1959
2240
1220
1637
2804
725
1107
1060
1191
2773
2856
215
3084
1845
2607
2987
1983
2057
319
4693
3366
1783
4307
756
1639
2643
3930
2740
1028
631
571
3860
2459
714
2991
3336
4948
1545
4332
3763
1692
2374
4676
4665
4629
3319
462
1145
645
4674
1702
91
2349
2778
493
2389
2731
4400
4871
971
2953
1523
3627
2878
263
2136
307
654
1089
3365
1592
4757
1168
1344
2853
1760
4456
1602
2324
2001
4596
82
4483
4124
2595
977
3590
3455
4650
790
4480
1940
4232
3611
3634
137
430
985
4812
3769
3957
686
1417
1258
1213
4537
742
4196
1656
3187
2692
1906
2919
3926
2671
2229
4538
2042
2895
961
1090
4275
3915
2936
3938
1449
4295
1227
284
492
3830
3958
1996
2931
2780
4059
4309
1295
3420
2449
1826
1300
2732
3833
4612
4164
3936
864
964
4941
2668
1946
4896
993
2829
1681
1343
951
1669
635
4648
4713
3785
2320
48
1920
1989
4268
2966
2581
942
4284
4677
1994
1237
3442
6
439
1094
673
4712
881
1506
3905
3369
1020
437
4485
2906
671
2921
3355
3021
4217
1095
158
1541
3378
3736
1875
4670
2515
2016
3495
2715
4938
1832
2385
1851
4072
4574
2261
4234
406
4256
3107
57
227
1623
709
3161
2184
1606
3897
4756
2218
2685
2639
2430
2892
3074
2186
3710
753
2702
1981
3120
4403
2193
1584
2224
4474
1587
1622
253
4705
4905
1843
4387
2710
1017
530
90
4766
361
1885
92
2800
3682
2661
2701
1423
291
1078
3471
640
2582
4563
1437
41
3462
38
3383
2491
760
1671
3749
40
4654
3792
4632
4242
1068
3465
3824
1314
2040
791
4560
3552
24
2485
328
1744
1461
1612
4447
4752
2616
4558
1932
4299
3630
1250
241
1643
3970
643
1338
2926
208
2656
3112
4185
2807
925
3781
836
4130
4318
1829
473
4608
1070
3035
1614
4554
4273
2660
1159
605
4595
1537
4738
2350
4044
636
2808
728
2809
96
1839
4063
3723
1737
2108
1551
1504
3920
4353
2049
389
2517
529
932
887
1489
2376
2188
3879
4979
2384
1808
683
3774
1209
3416
2114
722
453
1583
2625
1605
3593
737
4858
33
261
1485
3620
926
1354
1761
2476
177
278
3180
4357
4765
2477
4177
1149
2687
3679
436
3456
627
513
2278
1985
1629
1279
332
4404
1490
2171
2079
1570
1804
19
1986
2346
1409
3418
822
1991
1131
4986
3562
4022
3269
3760
853
774
3635
1581
3887
3583
366
4953
1710
1135
257
3932
2252
1953
3438
2029
929
4990
2680
4641
3934
75
602
4999
3724
846
2191
2530
1630
4430
1640
1007
2020
97
4569
3046
4512
322
4741
3401
903
3910
606
1392
1481
3195
841
3032
4771
349
1222
1767
3208
3488
3018
3728
1248
2241
4266
3459
3354
1099
3358
4970
3430
2997
1830
4763
1900
4695
1448
509
1353
4547
1376
913
54
1632
343
1253
1690
3896
946
1714
2905
1022
2727
1775
959
25
195
4909
525
1035
2242
646
2650
1527
2466
2155
3726
1736
2372
2127
1791
3441
1428
2552
1430
3893
4477
3696
3524
113
3752
3764
2894
1882
3664
1496
3132
705
3798
1753
3663
4639
3375
4283
796
325
402
4039
211
798
2062
1432
318
1312
3567
3704
2694
2750
3894
3964
4754
4465
4946
4343
2115
2081
1256
4546
4077
3539
23
2580
3636
843
4205
1739
329
1201
3086
2984
2460
2813
3505
1782
918
1992
907
4358
1535
2481
1186
3170
4884
386
1087
718
2739
1724
341
46
3125
4935
266
429
1749
667
580
2487
1257
184
3758
4773
4126
1616
2575
2192
2427
3656
3473
3301
32
426
1169
2496
2329
876
1466
4064
4973
4942
3888
1037
347
875
3345
4261
1751
4248
1389
3561
3222
2287
4200
3844
2805
2280
21
4427
3521
619
948
379
1081
2534
4437
4653
1619
4660
1380
2232
1059
3151
3087
4929
3633
2226
2986
3302
330
2960
4296
3653
2004
4863
3784
2176
2175
2651
1842
4340
4396
283
2764
780
3264
4147
1715
3777
4910
1812
3261
3205
4657
1218
2187
108
1856
2160
1476
372
4188
4976
4470
2305
1703
1478
4278
4026
3801
589
1352
3838
1446
553
782
2310
3031
3240
1172
472
1947
4229
1261
4329
554
3101
1244
4155
552
2561
3055
157
1339
681
3512
1492
2718
2030
466
4286
4575
3177
274
1800
1105
4808
3079
86
4219
2484
2178
2124
4615
3436
2309
2644
1224
703
1526
4025
1337
4781
1305
1686
4201
3392
320
4740
1676
3144
3131
327
3528
4440
4795
323
1528
489
4114
435
3606
1618
4316
2992
2867
2698
1235
4012
4236
5
4452
469
2365
4916
3437
1301
879
4778
4784
4866
4432
1372
1274
4507
3017
4701
3616
2211
747
4490
18
1795
2051
3582
1874
3692
3041
2806
3661
4131
1100
3045
4003
3489
316
3486
133
52
3922
4223
1356
1899
2274
374
656
4920
2792
4852
1027
2729
2249
979
371
567
3979
1164
3406
1304
2797
3667
4898
4428
4051
3956
4210
132
3772
577
891
638
3832
2544
3175
832
4221
2387
186
45
2166
2617
2113
2568
651
3228
3739
4964
4193
1425
269
3371
1369
4814
4235
2440
2563
4668
4290
607
3457
3883
1770
2368
3693
4149
2473
168
2618
4037
2600
1371
484
639
2587
1498
4991
2495
4170
3513
3916
476
3800
1415
1818
4027
3176
3077
801
3716
3148
4897
534
2018
1246
3790
1815
3147
1454
1638
2190
1805
4333
3300
4021
2638
424
972
4150
1468
2422
3559
963
4405
495
4184
665
1807
128
1000
4322
3285
1536
3124
2097
273
1524
4850
3102
2441
164
873
2929
313
1321
189
338
1284
4655
2863
4945
675
2977
2777
1957
4029
752
1156
4610
770
1926
4399
2681
4853
3623
1675
4499
9
2087
642
3429
4733
3316
1847
2375
2645
2330
1789
4532
1615
4703
978
3721
2551
1514
4659
3973
1245
2990
2183
4450
4436
4516
2952
2045
618
2759
2539
789
3092
3835
3321
4683
134
4341
3906
1370
2355
1644
4607
1865
2146
1426
1470
395
376
1103
3575
4549
4761
3224
576
63
4774
69
4204
572
2371
4605
3677
4364
915
3914
3855
172
586
2419
1860
3791
2152
3497
4132
677
4308
611
599
3133
4055
1136
2821
74
3960
3373
750
3995
2126
1519
2400
2223
4803
414
1712
3396
1074
1822
689
1360
3610
3614
4792
998
340
1779
4721
2461
4007
3387
10
2
2553
2478
688
100
1769
106
3741
2835
4127
1359
3214
1313
4323
2458
3310
4851
2471
230
3669
2070
3637
2091
542
50
1579
2757
4310
3155
3099
218
2411
1254
4109
1659
3449
970
2803
1475
2711
3070
1019
3576
2304
454
1513
1547
102
2294
1278
3223
3476
205
3145
4692
4932
4108
3549
155
3556
4597
1746
3816
4958
465
27
3685
1124
2726
1540
1242
921
2801
4801
3026
2565
4823
1267
1051
4434
228
1973
94
3038
4416
2653
51
4233
772
1161
83
1040
1799
1502
4720
4258
4314
2975
3713
1012
226
1538
4467
3498
2308
969
3662
194
2525
3323
2928
3142
485
1927
4344
1993
3703
391
2393
4300
1219
1577
2814
2200
4384
1378
499
4074
1916
4493
1251
1216
596
1565
4254
4143
2316
4116
3103
1065
2790
1406
4265
2859
2647
4580
4559
4646
101
4305
4418
1626
234
4915
1520
3440
3644
216
3002
2865
1066
412
3306
1903
2873
1247
1269
4987
4469
4918
3490
3690
908
3978
4553
3094
4451
924
1055
844
4123
87
3895
947
3940
2131
4412
3033
1158
679
1357
3545
4491
769
2968
4711
4730
4506
2312
3082
4739
4010
1954
1290
3340
1117
3842
1793
2080
865
2434
4886
1661
809
1262
1311
833
3178
3114
682
1140
767
3745
1210
3364
193
1464
3268
1045
1735
4294
1459
4647
2524
1975
1
3015
1625
3626
1084
3275
800
987
3215
3854
1002
2632
745
1232
2545
829
3939
3796
1788
2235
3278
3849
510
3665
826
3553
512
3428
3090
4262
1718
1908
2153
31
3213
3518
4589
1539
1030
2850
4050
1252
2549
4291
935
2098
1893
766
4421
15
4110
3159
4069
3254
2090
4349
152
1728
4015
2983
1599
4472
1083
2135
1694
3220
4023
11
271
896
55
2695
4104
678
2532
4096
2526
2204
342
3869
3005
2313
3060
1471
30
2128
1491
392
1598
1208
2121
3257
3284
889
1281
1259
1864
3451
4545
1904
3813
4828
2818
3874
2802
3198
3376
1148
1886
311
1617
1319
1687
989
3203
3834
1582
1484
3008
4189
2208
2056
777
1422
2855
4438
3071
4230
4098
1972
2824
85
1316
857
2796
1802
4885
2677
3423
3668
4862
4345
2787
251
3563
143
3885
1943
1096
2693
3589
4764
124
1405
4900
808
2311
2917
209
2263
3126
1280
3767
2937
3675
3453
4075
2279
4371
1275
4394
1557
4666
1048
4245
2170
976
2560
4681
562
2221
4208
3000
2303
1421
1573
4066
522
1014
2620
1621
1323
3968
4443
2708
1187
885
2816
4393
3923
306
1205
2140
310
2358
4623
4635
4930
2941
1076
2784
2841
2120
1265
3742
4122
824
2383
3374
3143
1450
1238
1127
712
3209
980
4158
1892
3426
2297
125
2206
4700
240
1604
1624
3067
1147
739
231
625
1303
2172
1231
4084
3450
2331
135
3050
2110
1942
541
4901
4251
1883
470
1294
999
192
3391
1268
4511
4926
4951
786
4704
1774
1511
692
3009
2452
3136
2872
3766
3290
994
464
3385
438
4634
968
4671
3631
3361
2381
4743
2733
1518
1716
3743
3806
385
4550
4105
4302
3522
3140
1693
362
118
4997
3929
483
1414
2117
3709
1329
4588
693
2794
2606
944
2205
540
4414
3068
696
3953
4907
3174
4257
3419
4621
142
1836
4868
4864
2827
2260
726
1174
4255
4374
2958
4498
965
2646
3507
1600
3245
4791
1036
4782
630
1497
4515
1853
4045
4086
2920
2457
3461
3339
2673
1701
2611
2093
3948
4582
1215
2439
2033
3603
4572
4785
3064
2562
2286
2468
2173
3181
3073
3917
4637
1634
2405
1654
634
3688
3091
1995
729
2654
4244
785
2627
1984
1170
1721
2006
1645
4961
2462
3786
2546
1064
2435
2488
2293
3568
3069
2046
3191
632
3516
3797
3329
4697
4802
2236
2633
4093
2465
3892
3238
4718
3649
301
583
2012
3081
4628
3479
1465
1163
3327
2348
3799
2143
4531
4797
477
732
2767
4334
1453
2463
3826
4495
2230
3687
827
3990
1120
80
3980
2215
3574
3757
4303
2341
1249
4832
345
4565
4672
4530
4238
1021
2248
2139
3233
4849
795
2406
1890
3609
3467
4826
939
1542
2752
3129
962
3118
3950
4726
2719
2918
1116
2141
2700
2613
3379
2066
3579
2720
4790
2351
1647
604
2948
3678
3548
3183
1165
3666
1797
3394
2518
1129
3201
4528
3192
4684
1871
1680
2567
2761
2264
1024
3011
4624
3641
4325
1595
2118
377
415
3168
1907
2327
1731
904
1166
4041
2059
3123
4197
4818
2024
2686
1199
1821
2362
1780
2597
2579
4577
2209
3811
3291
1292
3247
3602
2067
1563
2849
4845
2594
2243
1798
1707
2861
1394
1236
3202
3446
4651
1396
4206
304
3788
1763
1162
1977
3106
2394
890
840
899
4873
4115
563
1016
3281
3382
906
3988
4988
1033
146
4183
1863
4228
3100
1302
2102
1668
2292
2428
3809
2266
4644
3483
3718
3007
2852
2433
2431
89
2505
4095
1921
1457
4975
2163
170
4921
1951
4471
1133
457
145
336
2227
467
3706
2328
2890
1155
166
3836
653
2299
746
4838
1876
479
1969
3335
3049
3390
147
1700
3734
3972
4936
708
2296
2593
4277
3454
2576
4362
2361
2244
851
4793
720
4799
4622
1341
34
331
3149
4065
1884
4067
1858
2508
3840
1705
4013
4656
252
3221
2396
3414
3845
4181
1056
2756
4709
1517
524
1153
76
1922
4573
1436
2742
1768
4798
2779
3810
3325
3445
4566
3309
3985
1766
4578
317
3066
121
7
757
3260
1533
787
4878
1379
1334
1326
954
1964
2272
1011
3999
1998
4009
1054
4840
2839
2641
2760
455
754
2959
2666
3500
2713
3819
2306
4078
17
2577
1678
73
1820
1474
1939
4339
3036
1558
302
4702
1960
3847
4829
3672
2512
4413
528
2119
1393
1811
1831
77
1503
270
1340
888
4342
988
1548
3272
1151
2285
3422
1420
163
4513
2602
995
2479
4186
3712
1225
2749
1458
305
1607
4141
4435
12
403
3618
2636
1792
3725
3735
4737
2679
122
2216
3588
4821
860
2164
1555
1697
2137
498
2265
359
4564
4877
4454
2858
3600
2744
931
4274
4038
2063
662
64
2022
2857
1082
4509
3412
210
37
1590
2901
1898
2133
4543
2939
4830
991
2436
3286
687
941
2300
3341
2980
3210
1862
1402
354
4736
3912
1878
2426
1223
3856
1961
1173
2112
3377
2879
3350
1141
4082
940
4211
220
3295
4904
1345
468
2998
3527
2640
3890
1214
1106
743
2497
2075
2885
3051
3655
3058
4819
4448
3207
3645
4956
4888
564
3862
894
4390
912
3356
1500
3109
3402
1291
2591
1628
759
2007
4989
917
4052
975
3052
4984
4337
4330
4579
1307
2251
3253
3330
3853
863
3217
1655
4500
748
501
2954
585
4034
1814
175
1407
2932
4304
560
2444
2412
2736
1589
788
3448
4486
326
1929
2789
4690
1003
872
1391
3012
1310
3722
2404
4312
2925
2195
2450
2964
3241
2179
1272
3384
2795
716
3053
4033
730
3919
3357
3715
2944
973
3751
26
4977
2391
4855
2833
4213
4969
4444
4846
4139
3080
4869
2154
990
2743
2010
3370
2214
1230
4287
2253
4270
1554
1443
2210
2207
3062
2601
519
815
2961
2815
3873
3078
3851
494
3204
1982
110
657
3605
3607
4685
1679
3404
532
4458
165
3025
3676
3037
1924
1765
151
1264
1708
3211
1480
281
2537
3121
4484
2322
2810
1968
4276
674
4955
4017
3681
2663
1479
2608
4627
4585
4934
394
4415
4526
1742
982
3871
4321
934
321
818
2722
1188
1438
2940
174
4769
444
1846
1098
4603
4040
404
4535
1079
296
2354
4355
43
290
1185
2504
3044
2769
762
4267
2612
1419
2781
4776
486
4598
2631
4463
4725
2893
2899
698
4264
3931
930
3216
67
4102
3494
781
4809
1333
997
883
2147
4382
3250
71
14
981
182
4250
3803
1044
4762
3683
2811
4680
4917
79
644
471
4368
2520
1109
758
3877
984
2199
3030
4716
2548
1297
2023
1534
2281
260
1507
1233
2798
4220
65
597
3317
4922
3737
4732
1722
4338
2050
3825
4215
2724
3234
2017
3525
2866
3680
504
3196
4539
4508
661
4030
4880
2275
4466
2356
3189
2889
4835
1909
3481
4962
2782
1308
1952
4459
3502
4489
4636
556
1483
4742
3160
4548
1399
2675
1635
4775
2791
568
4241
352
1085
3063
537
927
2446
1058
47
4630
1861
626
1850
478
2933
3899
2014
520
3006
179
3190
3596
3823
3024
3820
4002
3311
588
107
2060
2437
176
4497
4664
3587
396
734
2709
4724
3898
2044
285
4759
1997
1771
1950
3943
3565
308
3431
4157
3506
2868
3875
538
578
111
2150
4085
4875
2741
3864
1320
36
1486
3138
3219
2555
1930
2556
3280
398
4335
2177
2425
4824
1282
2025
2830
882
2267
1390
2420
3828
39
4748
4354
919
28
4388
3727
2382
309
755
2510
1786
408
3886
1029
629
288
2072
3381
1945
4128
594
4028
3331
4906
3028
3546
4252
4209
2054
715
103
8
517
2086
1006
2652
3694
3523
4787
2268
4449
333
3711
2511
518
1473
225
356
3298
4974
2038
2095
156
1177
1167
3367
4834
2874
130
4237
4194
4172
3072
2536
4691
950
544
367
3027
4923
1005
4753
2989
353
3252
3057
2897
1868
181
2107
854
1263
4167
4035
2690
2538
4047
3146
3273
3104
3812
3128
3859
710
2367
3179
167
2935
2569
4892
3837
4960
2664
4889
2723
1139
1613
119
1663
364
279
3748
793
1189
3410
4011
2605
4279
3218
2058
1467
1667
3965
357
2956
784
1683
3747
1931
1560
4327
1204
608
4807
3227
816
4600
4796
3529
4557
956
2775
1809
2734
3814
765
2910
547
3014
700
2911
2907
4556
551
4100
2151
2599
2864
3986
1463
3778
399
2202
1849
1881
909
0
591
1382
4673
4005
4057
112
1192
1529
526
1004
2494
2823
428
4370
1429
3393
4870
4592
1361
1609
920
282
1720
4179
3867
2231
1747
2648
1043
2343
2696
3424
3322
3388
1576
3755
4663
221
1190
691
1283
1442
3805
433
224
3580
2699
1069
1241
4959
898
4227
1726
247
3287
1494
4772
3487
4706
3163
4594
2064
2239
2076
3955
3640
943
2585
3491
866
2289
2447
1038
4570
4106
191
3304
821
3415
2100
3237
1410
3569
2947
3686
3324
503
861
1053
276
3857
3480
1685
196
4240
4282
4967
2472
2424
4777
4998
3612
3157
4616
609
397
2068
2657
2776
4694
2363
3537
2366
4166
1413
4735
2819
1641
3560
448
482
4571
2474
4053
2846
4925
707
1990
1759
1955
4972
2092
4373
2772
383
1293
1813
2578
4408
1408
1143
337
238
20
4881
862
658
355
1838
3111
771
4626
1978
838
871
3761
2138
1042
4522
4887
4609
823
500
1327
4099
287
4163
2922
937
4562
3351
4419
4401
4534
1834
1958
3697
514
4439
4982
419
2290
1575
153
1588
1567
3353
3762
4913
1157
3318
3994
1346
3536
1684
139
3359
4602
1580
3484
4729
3158
4380
1383
1873
4783
1781
778
4971
299
637
2670
4817
4593
3212
3558
1869
4827
487
4722
1385
723
4378
3397
497
2799
776
1670
2573
4431
1404
2843
4815
1181
3259
488
3961
3719
779
4076
1572
126
1745
1046
2165
902
2456
2181
1887
2298
2000
442
805
1585
4001
4372
3405
874
4601
2869
1532
2338
4118
3403
3509
3499
4514
3951
1562
2470
2333
136
955
1512
4841
4719
4180
4939
1123
214
440
1277
4411
3909
441
4957
244
3967
411
4061
53
4216
4561
2774
1128
3865
2706
3239
1336
1342
2169
4940
127
2529
150
616
2844
3386
3884
3804
3085
2125
2630
2123
3166
183
2284
2028
4788
450
4097
2222
4042
713
649
1439
1289
2688
2528
957
4153
249
566
1919
1073
831
272
3337
2065
1178
58
3789
4397
761
3003
515
2197
3540
3738
3258
368
2083
4836
3434
4837
3478
3746
1239
3408
3756
98
3942
2972
3279
4331
4661
1966
1530
200
1801
806
4995
666
2130
2672
672
2189
4555
4117
2604
1093
1877
2598
3753
3229
3924
1398
169
711
4981
2946
4464
2129
3504
4326
655
375
670
2973
4527
868
203
2061
2912
828
3868
2347
511
1794
1047
4478
3164
4425
2377
4317
3235
3993
2271
60
1179
289
2247
2900
1276
684
3225
3399
4129
4842
613
3608
3613
2828
974
938
1566
1866
2453
2860
4125
1976
4198
543
2817
2149
3650
4080
1854
3206
4583
4813
3903
3093
1665
922
659
820
3586
2891
2295
2144
1642
3363
2871
3989
4024
622
3765
2407
4260
4043
4479
413
4417
4259
4758
212
814
2584
3122
480
4376
3945
2212
1823
4640
4944
2541
3411
4079
4552
3927
35
1758
149
2615
2832
2725
3928
384
3543
3647
3935
2168
2055
1889
1091
1910
4426
3010
2395
4176
3900
4347
