4784
2179
4184
3966
1645
2281
3232
987
917
3248
1830
434
4885
1186
2880
1962
3024
1939
2410
3422
2878
1289
1149
2636
2451
3629
4354
2310
3731
803
2743
1821
2665
249
3648
1013
2435
1669
3390
4032
3139
2450
2529
3672
3224
224
2408
912
431
1668
1224
2545
2557
4116
1825
3820
1373
1372
1963
1487
3844
75
1320
1241
3853
2475
4174
907
4508
2829
2355
4152
1256
3481
4290
3004
59
3833
4035
894
4833
1314
604
1954
3669
804
367
4461
4061
1568
1317
4514
2271
4379
4034
264
4501
4689
553
1583
4931
1292
4525
4401
2675
3192
4088
2980
135
1470
4224
535
2036
735
1590
2020
223
2187
3880
2954
2029
3054
4091
3623
2064
1903
344
4431
681
4533
3665
4177
4517
1099
4912
4920
2938
4252
2081
3803
1512
4471
3624
2423
1255
4418
2533
3075
3944
4425
3443
1457
1546
4130
938
2817
517
864
3294
3830
2757
2684
3638
4604
3268
2090
1046
2833
2564
4925
2775
237
4264
2448
437
1420
2730
3144
767
380
181
4329
1299
3573
1068
3148
1309
315
1588
2189
1251
1016
2855
3338
4413
1408
3577
781
4576
2725
3285
3351
3883
4865
1138
2991
1849
275
4638
2531
1153
3251
355
3425
1479
1067
3589
1089
4726
3364
578
4897
1676
3863
4098
2269
508
3549
2697
3228
1480
1105
204
3405
3319
64
3685
4365
787
2816
3958
3301
4628
4487
3000
3022
600
2105
2924
3923
3186
4683
2933
3204
1629
290
985
3517
2027
2295
4121
507
2419
334
3600
980
3586
2099
1033
3841
3235
1916
4583
761
137
4063
2680
895
1763
4874
1796
4127
4599
1893
1701
1882
4093
3417
1382
1572
3488
1134
1595
2397
3124
4463
232
1136
1679
4491
1262
838
1601
2303
323
110
4500
1171
3890
402
800
4839
2893
2968
212
2960
1044
3667
3177
2202
3055
3862
3628
2467
3660
1269
3666
2799
1820
2026
3179
1514
1801
159
370
3242
120
3794
4720
1403
4984
1401
1216
3079
4578
3697
3640
825
3784
610
3595
4603
1426
4901
4717
2930
2052
2346
960
1822
1944
847
4965
1906
2480
3849
4774
4573
2165
298
4802
885
146
4344
4225
2225
2362
1109
3401
2402
1121
1468
3016
295
4847
1639
1778
2669
3609
3516
1120
3758
4050
1842
242
996
3310
1946
4619
1038
866
2288
2483
1282
3637
984
4376
410
1897
4552
1090
4844
3789
3821
4553
4974
2970
2235
1968
2374
623
1520
2319
4852
2769
810
2964
2273
2156
2967
2877
2158
356
1225
3490
4946
1934
842
57
4905
3576
3230
4988
4107
817
3705
988
1195
1293
1608
2651
2765
3070
424
2370
187
3726
558
2913
1757
3007
172
1664
86
1260
3246
784
464
2707
4999
3636
1761
2951
4115
203
2654
4368
3773
4136
4446
3501
2739
3616
2728
1404
4296
1549
2732
23
3822
2574
413
1452
3168
22
4468
2247
4303
2894
1150
4262
2112
928
284
349
2211
4848
3430
4419
4341
724
1015
4042
2340
3262
3375
3087
154
1112
4934
1330
4429
3276
3630
3226
216
4047
4994
487
551
505
1278
2790
3723
908
1622
3420
3817
958
96
3751
1681
2171
4231
253
4434
4276
759
3499
2232
4049
4910
1525
2702
4432
404
4287
3764
2454
4258
1731
4913
151
4630
417
2620
4823
1449
283
2385
2059
3134
1144
1386
3383
3085
4077
2144
2580
1983
571
687
834
3892
3808
3017
3427
4194
3212
1972
1734
250
2721
4008
4240
1062
3233
546
228
946
3674
4641
3044
4245
2758
1295
257
3743
668
1353
2277
4935
4727
4046
2455
703
3318
3757
4256
3710
314
3813
841
1513
2646
1966
4731
4160
1671
4587
619
3416
2643
1202
3978
920
1858
2018
1050
1700
4039
4398
3366
1107
4096
1363
1584
1073
782
925
1390
3741
2149
3431
2421
4636
4216
4644
1902
180
1805
1356
447
1772
2945
4397
4870
1151
1332
3271
1005
4038
2267
4650
4932
1221
3076
4208
1236
3911
2415
2155
2349
1267
2919
4117
3387
2344
4563
3683
4979
4346
3413
2718
1379
239
1344
4015
2406
2934
1336
2350
4808
2523
3344
238
2405
4822
1447
3845
4900
1745
2489
3477
2594
3626
4691
155
1440
1475
2696
688
569
3102
152
3484
4947
1170
613
3720
4499
2792
3520
4838
2199
4812
3658
2309
942
4555
685
3825
2336
3982
815
3013
4191
4881
3959
4753
2784
2582
4186
1474
4427
1851
4526
4635
61
4058
4752
4253
88
456
4741
1043
1304
2928
1558
409
4799
1197
1792
4204
3727
2763
2834
2246
1879
4198
2403
1097
3925
4561
2342
2648
1280
3877
481
3670
1208
4558
497
1399
3761
2071
742
252
3972
3250
3245
1541
652
4475
3540
1349
3220
2814
2094
4456
845
1391
3866
206
926
466
3059
1719
3839
167
1036
710
1780
745
4234
3961
2662
4914
432
1354
1592
4279
3752
3133
4485
2804
2082
1787
4922
4813
1007
900
4960
1034
715
875
3506
1890
4095
3929
563
3829
162
3327
4940
3448
2975
1341
4711
941
4557
2389
1844
3521
989
2544
2290
4855
3950
285
4824
3732
1471
1182
4255
389
2188
3260
4830
1130
492
2474
351
3363
3703
2708
3969
2577
4464
436
561
2504
1041
4807
2647
3119
3621
1528
4849
1706
439
3887
125
3482
3832
4259
3556
627
4449
1095
2555
4207
2444
3914
418
2512
54
1108
2449
3780
394
1923
3788
1620
2315
808
2075
1737
1789
500
1139
3899
772
415
2010
3535
3553
1557
1840
1119
1515
1600
1711
4997
3209
3582
4956
3634
2887
4544
2159
1586
2381
2329
2900
2509
2348
2043
4399
330
4653
2078
3279
2528
1725
457
4963
4651
4618
3610
1694
2571
695
472
4037
2425
1407
4674
158
3604
4212
1431
3126
4272
1284
461
1866
3719
4510
4993
4157
2565
1895
33
1674
3557
542
3498
4108
4682
3617
3158
1862
1253
1924
3791
104
2260
762
1950
1491
2705
2021
116
2301
2797
3093
4787
4733
545
1297
3173
3906
768
1575
3095
3272
2863
279
2659
655
4153
824
2539
559
4954
4860
1076
525
3714
1721
2238
2407
3384
3562
3699
680
4987
3188
4320
1486
1458
4221
1990
1318
3478
4890
4511
1383
4520
354
3541
1696
1819
1537
3395
2685
4123
2910
93
3831
4780
2644
1168
1689
584
3592
599
3380
3237
1550
3446
3348
4793
807
2140
3157
2157
713
1010
1692
4970
1561
2993
46
2084
1992
4527
83
1425
3073
3974
100
3693
1691
3977
3185
3625
1346
19
4336
3859
1634
2060
4761
1023
2856
1784
878
2289
1218
1133
1169
1985
3321
4017
2540
4308
2056
3810
312
2686
3194
1049
4846
2513
1506
3332
813
1993
4403
2955
362
4883
886
1231
3768
462
3920
1294
3554
4968
1627
3815
3896
2537
1899
4637
2949
3286
3622
2039
2377
1428
3357
448
2392
3534
3785
2809
1200
2194
3253
2212
836
1461
3028
4075
221
3376
1529
2776
3491
183
3951
3910
1166
199
465
69
2591
1283
4899
4958
3459
2883
4064
1257
4503
4311
341
1771
3649
280
3655
1110
2864
2427
3846
4586
4260
2630
3547
259
2463
194
25
3590
2849
4655
1469
2293
2133
3150
3191
3309
940
2562
746
3467
1492
1517
4306
3120
475
661
3403
737
4992
2417
2966
2608
3999
3409
4327
4082
903
2085
1456
3111
2430
4542
3939
177
2216
937
3433
1524
3897
274
2286
931
1245
4066
684
4647
2001
1173
2787
2185
1071
325
3142
2233
4332
1970
4092
3782
4665
2395
2988
3607
956
2200
826
10
49
2796
3631
2663
1223
477
968
1040
1653
136
3964
4851
2265
1160
3135
4522
2127
952
1178
818
2570
3162
1880
581
4504
4605
4695
4218
3440
579
4124
1102
2354
2895
671
1436
2521
3653
951
4622
4187
976
565
1742
1324
589
2999
3465
2167
1795
4094
3494
1754
1545
3132
595
2532
405
1500
3216
1854
2543
650
2935
4892
3047
332
4609
4921
4836
4936
567
519
1508
2251
3114
3140
4244
2672
490
4800
957
1776
4961
3941
1969
667
2575
3661
3218
364
939
1680
2688
906
3593
2195
659
1672
2147
3870
4568
2035
1377
805
819
3905
2372
2164
4713
2279
4832
664
1142
1064
4867
3256
4359
2703
4876
288
4479
1030
1057
3103
3515
2541
973
4917
1476
1713
4896
485
3289
3282
4193
3341
1594
1859
501
644
4486
2649
1243
4976
3774
2897
2767
1424
2414
3210
2215
1059
617
4132
3483
1261
4927
3214
1477
4370
246
747
2333
3106
1867
340
2652
2198
1585
2525
944
467
1631
753
4135
4396
4043
1662
2677
4930
3912
3418
1997
3374
2550
3926
4967
1894
1264
4056
3893
4866
2088
892
4028
4732
82
614
2761
833
1943
3749
202
1955
235
3258
3019
566
4421
3497
1448
3671
4215
1543
741
3170
867
1936
26
4632
1716
231
1252
3408
4986
1570
3034
3828
740
4884
1948
4420
763
1413
1904
420
2382
2092
2142
3165
4268
510
1268
3632
1395
1938
1690
1750
251
3682
577
3402
4339
2599
3036
2148
2176
792
452
3358
4211
4580
3736
3722
4176
2468
1769
3585
3104
2051
230
1648
1621
3921
4377
4634
3807
1619
4773
1434
419
2517
2002
1339
2446
1464
4575
73
1325
3510
4386
4330
3333
4408
2368
3337
1156
729
2850
373
2169
2482
822
1240
3057
969
4684
3082
1305
2363
1883
476
3581
267
210
3320
31
4307
4236
4809
4375
4284
3935
3037
1649
3464
4904
4792
1746
2306
2838
2510
3259
3067
537
1032
2965
3121
2110
1123
1203
1322
4466
3796
636
4862
3442
3769
2138
184
857
3865
3086
3855
400
4410
4629
1495
392
109
3755
2184
1695
844
3967
4002
905
2428
4277
2741
361
3759
827
1217
488
848
4581
1802
4007
3299
4146
1122
13
390
3836
3851
4149
1887
3161
2186
30
473
1564
4757
70
1111
3701
3571
1006
39
3662
692
4582
2724
3529
91
4235
2976
883
3219
2006
3406
4626
2452
2516
3092
1898
3799
3355
929
1189
1654
4669
2628
533
726
92
4138
1533
511
2916
4347
4937
122
2742
4950
3372
3359
107
1022
4778
3546
850
1850
4457
3800
3806
3164
4000
1980
3934
1693
1705
229
2828
376
4030
637
2946
220
4926
335
2182
2573
3479
2996
915
4762
2079
596
1768
1836
4319
3143
1526
736
2948
1258
2025
3716
2844
1270
1478
3462
1009
3050
303
2780
3721
3620
992
4699
2012
4607
4126
1646
3596
2989
562
785
1369
311
1181
2231
1207
2314
4794
2074
375
3225
1096
4040
1905
854
2057
4059
2695
1054
2305
2899
1048
1578
2219
3316
748
3426
3704
1298
94
3116
3171
1078
4469
1084
4745
32
2151
3918
4540
3712
4280
3063
2497
1665
3468
1337
3167
3293
3254
4394
313
293
3074
3583
254
1783
4764
4048
4919
1462
1777
3012
1435
379
3543
4372
1933
1201
2034
3379
4703
1061
603
869
3612
4158
1472
3255
2857
2294
4858
4939
2568
4016
1072
2681
820
2987
1986
2622
3603
4209
3367
572
1729
2276
3356
2041
855
426
3505
1215
2014
2420
3819
102
1066
343
321
412
2461
4985
700
3775
3280
3029
2958
2255
1638
1035
2139
645
4738
4090
1351
4433
1484
3407
1087
1597
4
4972
4821
1798
3160
4786
1417
673
67
4516
642
3238
1358
2292
750
1104
4006
2603
4422
3998
3060
4023
631
540
1025
4112
2063
3932
1167
4706
24
1811
2054
4734
1198
1873
503
712
4524
1437
1908
2563
4906
3916
4771
68
1069
4729
4811
4312
1000
2798
3229
4273
3942
870
3597
2862
891
4111
3584
843
1766
2481
828
1503
3652
65
514
1196
2379
4615
4213
1710
1655
3657
3152
471
1494
4183
1576
4080
1698
3997
2387
3097
1758
4854
2307
3112
2747
111
2117
4631
1360
277
3463
2526
2017
752
3061
1315
794
3766
1728
2066
338
1615
2469
2328
965
121
3611
4989
3396
1244
2700
4616
4405
296
981
2551
2266
783
4966
2795
2345
2755
1132
626
4556
3227
2203
707
4097
749
3783
1376
665
4459
2892
1359
1497
2126
1829
18
1505
4460
4719
3663
3415
648
2317
4416
459
3715
2069
2759
1977
3273
3249
2356
44
914
16
575
3419
1361
846
3300
3528
2781
3340
1726
1220
4196
4292
1910
4101
1212
1999
4167
1941
3952
3606
2981
2618
383
4122
4595
3469
1982
4423
270
3275
3713
2338
2583
2971
4009
809
4293
63
2567
3691
3361
2542
3178
2000
2163
4554
333
4355
3797
998
4902
4798
4680
4777
4309
2498
2369
702
2858
3900
2365
1159
1560
4767
2438
3278
2830
1429
171
1368
2104
1115
4148
4220
1370
2868
2095
4903
1442
639
4170
4179
2733
1161
1644
4911
1254
2660
1290
3010
1028
4810
3284
1889
3729
2283
4069
225
2822
2752
1884
2137
3362
3507
2129
1343
3568
1901
2520
3096
1366
4668
3909
3987
291
4592
427
4453
106
51
114
4882
1978
4445
4709
4455
3684
3347
3888
3288
1852
2003
2923
1518
2418
1609
2639
901
1485
3441
701
398
4765
2736
3071
1606
4114
861
2297
4856
896
2478
2217
2876
4392
3824
840
1704
3068
4383
3700
890
2197
3795
1661
570
1342
2275
3041
4283
4481
3698
2865
2332
4185
2226
3990
4074
3747
3269
1599
160
132
618
256
4560
153
128
1229
2598
3450
2220
3572
2087
3664
1274
1981
1703
2152
2842
3588
4297
1157
2744
3241
4894
3030
186
3424
4289
1547
4915
4181
4818
837
1521
2778
3127
1418
3802
1940
4474
1678
1976
1185
3502
2436
3163
3565
1238
760
4417
3062
2668
2595
1213
2040
4495
2183
299
2518
1816
3837
3960
4951
3633
2511
1233
881
530
2380
2119
2985
2904
265
3454
195
2253
3564
268
1807
4658
3439
1206
4857
4645
1687
4941
127
4053
3131
3735
4879
149
2806
3334
2062
1079
814
4498
201
2364
893
4673
77
4214
2404
2671
3748
386
3602
2447
2249
2234
4004
913
851
2193
4371
1345
4182
3518
4436
4331
1919
556
2874
2331
3645
727
651
1365
3696
2015
4301
4531
3746
4444
3304
2204
2853
3834
2299
446
2347
3397
3798
3466
3240
1613
2123
2113
337
620
196
1782
3659
1008
997
3223
1667
4388
99
4072
1199
2753
509
4085
101
2191
2812
4430
4067
3455
2424
2538
1971
3175
2495
1989
3343
208
3560
4180
2136
1053
3948
60
2457
1817
1688
2391
3511
921
226
3485
4021
1340
2507
143
771
2278
2818
3176
1389
3777
774
276
4739
607
4696
1872
755
1145
2821
2749
2689
2023
4923
3681
4029
930
1183
4133
4716
1659
2768
2224
3281
1931
2941
586
4013
3011
3043
3035
1875
3009
2711
4749
2746
2222
1762
3181
1331
2590
2800
1027
756
2956
4314
2065
1012
3868
2914
1794
482
4025
3787
2875
4353
1996
3742
4868
3786
1651
4395
2791
4036
241
428
4226
3296
4980
856
1443
2114
2715
3642
1205
666
3447
2745
130
1868
1060
945
721
4740
3305
4750
4081
4246
1534
3838
2141
4470
2802
2727
3711
641
2632
2120
574
2723
1818
4428
2983
4348
1793
1614
3311
3901
582
1285
1450
2256
516
2854
4688
4338
1834
1552
2973
12
1562
2789
458
4322
2327
4924
3809
3673
305
4054
2048
4492
3045
443
66
3065
2673
2432
3370
743
4134
1103
1075
775
3457
1154
3913
81
1364
1967
1164
1749
3108
1209
385
4589
4708
2607
3804
205
117
35
3400
4227
2441
2845
4304
3001
3314
346
4548
4458
1511
3889
4873
2813
4238
1596
4337
3856
1708
1522
2376
2535
1835
1352
860
1987
1308
2907
29
4263
2045
2008
1975
4776
4562
3594
3221
2050
2300
3089
852
1808
322
3046
3980
4908
4199
2637
3206
4241
2228
4020
4755
1433
1333
4815
3864
4363
1767
605
4267
918
4721
139
2751
4217
2929
1709
271
374
1809
2146
2394
4998
1493
438
2124
1265
2493
3263
416
163
1375
3965
2128
954
4438
3872
1402
4791
1979
1291
4143
2160
2258
2629
2388
831
2409
1482
4316
2335
2827
1490
670
4678
548
3088
4068
1751
2442
3587
649
1643
1307
2824
2773
2554
1790
2252
1400
1165
2037
4850
3352
1125
4957
3336
105
3048
2378
4574
1001
3962
672
287
3675
4646
4760
554
3267
705
4162
1723
3861
723
1925
1385
3842
967
625
3091
1959
2992
4690
1311
2131
2268
544
549
2631
1593
4513
1733
1248
98
526
3398
3475
4577
2588
1286
1542
674
4247
4756
802
3840
4018
234
4515
2872
3360
1973
1697
728
4768
1744
2619
2031
1273
1021
1302
1014
2553
2943
4893
1184
3056
189
1633
1415
1569
3545
328
3432
2192
4294
4834
3940
278
2181
4816
4266
602
758
4725
1146
2572
1180
1128
2218
4477
3567
2867
1065
4728
1556
2604
2626
2587
532
1082
3393
3651
678
4356
3110
2371
463
4478
1730
538
491
3328
4891
3903
358
2782
302
301
4895
3138
1888
884
3438
4649
4748
3754
1091
3882
2921
460
2754
1874
4382
2653
2770
4754
711
2566
3277
708
835
1637
1823
365
381
3324
4853
585
765
4274
2709
3503
300
451
2788
2175
89
1775
543
3066
880
1536
2274
316
4545
4476
134
816
1100
4600
3040
2240
3025
1914
2098
3412
3678
4534
4559
318
3015
1152
4237
258
3644
478
1234
3957
1523
3109
1848
1250
580
849
717
329
862
3198
4325
2871
3598
1473
924
3118
2375
3303
690
738
2879
606
2093
4693
2772
4995
3847
1956
4521
1441
1878
1623
2524
2343
4530
3042
1214
1113
164
4233
2841
4315
2004
1300
3955
971
868
922
3904
3153
2947
3937
555
3938
2690
350
4763
378
3084
3307
3196
2548
360
2323
4409
1277
1781
2236
3195
1392
2655
3878
2634
1799
3843
986
2729
2549
4452
4907
1228
2296
393
138
3117
3018
3894
4161
3930
3574
1724
1114
4366
2174
1974
4751
4871
527
3976
1419
1779
1194
198
4588
331
4633
1756
1604
1843
1052
2028
2756
515
3382
4450
2492
4887
873
3945
4825
4657
899
3801
592
1381
3608
3496
2170
675
3166
2556
991
2602
608
1765
292
4323
1618
4350
4367
3619
1922
2083
797
2995
4819
4005
2597
425
4541
3973
4845
2911
1857
2361
876
72
2997
1272
2633
3835
4155
1683
2716
2282
480
4672
3692
307
3156
2399
898
3394
3
42
3558
1398
4120
1886
635
547
3792
1275
1591
795
3145
1467
4804
3257
1640
4300
1647
2722
3776
4078
725
1949
1378
1747
4840
76
624
4190
1316
3051
1814
4178
1070
3508
119
3146
1574
3850
2712
261
4518
3718
3605
2514
811
211
4594
3342
2764
3512
513
2939
479
1864
2109
4601
2396
770
3203
79
1984
2578
4494
1797
3963
2284
4083
3771
1677
935
4841
1831
4538
2612
2318
3522
1748
3197
632
3694
959
909
1288
406
4886
2143
3174
3322
3881
2678
4610
3717
2737
4168
1131
4805
2437
244
442
1666
4200
3339
2476
4983
3155
1003
445
4390
1037
776
118
4012
4606
52
4569
1736
4448
994
512
709
789
1824
1020
414
2726
1937
3993
693
2735
2579
786
3618
2322
185
7
1900
1058
1563
1409
4964
4590
2586
3852
790
4718
2122
4310
4462
1516
948
3814
3222
3208
486
597
2825
3753
2458
995
2172
4384
1063
588
4373
3169
2413
2676
347
1657
4391
3460
1964
4539
4611
1432
319
1994
4529
1092
263
4938
3536
1117
4943
3090
320
1453
4328
4566
3656
3531
3243
3081
1416
3500
801
1141
3200
3537
2760
4585
1335
3436
3943
564
2762
2848
3205
568
3493
853
3738
2843
5
2515
4442
4916
1155
4326
4953
4163
1788
3513
1374
1617
4643
4164
4785
832
11
2061
262
2357
950
4724
1896
1755
3992
955
2936
2359
539
40
982
4351
4502
1760
716
3365
2411
372
4249
2884
1446
2431
3514
1847
1303
839
1718
1551
4564
4271
3984
4119
3064
4473
3917
4488
169
4389
2561
3451
697
587
2153
207
1555
4100
4715
3077
6
191
3429
2657
2166
1086
4044
4872
391
1845
2111
2873
3239
4944
830
4505
1846
714
3728
3687
174
4766
576
2097
3052
112
4591
1463
2130
961
4385
131
1080
4990
2416
2024
430
3211
3151
3411
113
4414
1650
4506
2906
683
176
2994
1249
916
888
8
3149
1026
317
4861
4667
3994
1329
975
4660
1920
1773
4742
4057
3100
646
2505
2519
4627
182
382
324
4671
2221
3008
1605
4229
3452
4288
1094
4154
1764
454
1489
3297
97
1571
495
1860
1348
2072
1259
1656
2470
4435
1230
2044
2280
2692
248
1839
1148
3907
297
3217
1445
936
2177
4437
1085
1739
3639
4219
1430
877
990
4467
2710
3350
4806
1287
897
289
4918
2642
1501
469
2032
3002
84
71
1158
629
3563
3544
2118
3555
2522
4828
3676
4571
3298
2291
4639
3654
780
3706
2490
1279
2638
3927
4596
4889
1958
2501
4374
1527
2835
4118
1412
719
766
227
3756
95
4597
1707
3453
1577
949
3456
3231
2925
2898
3552
4842
1553
3745
1532
691
4880
269
444
3472
3325
28
611
3183
4099
4624
2456
2325
3187
2067
2927
157
933
4898
3524
2213
1380
732
1347
4730
115
37
3979
731
662
3020
1791
3936
306
2679
2502
1838
200
3805
720
1632
4137
2125
4519
4949
593
560
1628
1927
4128
4171
2771
3772
4550
2058
4532
1481
4775
1137
3326
397
1699
4265
4537
2972
3078
4223
282
2096
1885
1179
1626
273
4782
3080
1785
1935
43
3854
2811
2783
612
3026
4166
3858
3312
4202
733
4380
1548
4324
4888
1641
633
1913
2261
2005
4357
4829
3172
4159
4402
4302
2890
4747
3199
4969
165
4172
1191
483
2077
2013
2134
1579
927
78
3879
4698
1101
3470
3981
1652
1211
3857
4103
4859
1804
45
4052
4746
3954
1810
528
3123
2007
806
2042
3762
4613
4679
4714
1232
1759
4210
2353
1204
3308
1421
1510
2055
3724
2
4106
3353
2210
4145
622
493
4694
2316
902
15
4254
3423
4206
2885
4318
2944
2033
1915
4393
882
4685
2886
2011
3331
669
2384
2313
2605
2047
4523
4820
2339
2429
3559
4779
103
3740
1960
676
654
2611
2471
4977
2931
2860
3591
796
1029
3908
2068
1172
3615
2920
1327
1566
4687
3489
1406
3539
4407
653
934
1
1530
4991
3548
1338
1004
2807
1587
1051
2205
1832
3823
3053
1077
1502
1045
2201
4299
777
4019
294
326
2977
2717
2719
369
2694
4317
2908
609
3345
2132
2870
3323
1800
630
3983
3315
2805
4024
2623
108
3295
2089
3302
1738
1732
1414
3137
4971
4507
304
823
889
3975
3708
3946
3826
3601
371
3695
1388
345
2383
3561
4744
1912
4230
3392
1891
2615
4275
4169
156
1188
1056
2974
2559
4358
1589
4055
3928
2207
4065
4321
2272
643
3329
978
3038
2625
1965
219
4482
2390
2881
1239
2022
3421
999
4692
4878
2641
190
3264
2748
4701
4125
4783
1024
3473
598
1663
1929
150
2832
1951
4345
2115
4248
260
1917
215
3989
1312
4769
4973
1242
348
1519
1942
4251
3180
1911
2508
1328
4242
286
943
1465
421
2961
2986
2499
2209
2486
1636
3058
2859
2670
1837
1210
1682
557
4305
2426
4955
3031
3730
1909
1011
2206
4789
3141
58
1422
1714
932
2998
660
3437
4929
3129
2691
3985
3377
4942
3970
2285
2882
1610
4343
4593
9
4743
2264
1947
863
1612
923
4031
2915
209
1928
468
2896
3207
1498
2330
1828
2464
679
4480
1455
4933
2433
368
773
440
2613
1544
1684
1507
1567
1827
1271
1323
3128
4675
3523
2145
4192
2793
3569
17
2704
2534
4551
3290
2720
2243
1081
2847
1334
4959
552
2536
1019
657
2230
2244
3371
4011
3760
4141
2477
3006
4131
3646
489
4654
1991
4659
3525
983
1861
3014
3335
2298
4070
3369
4797
2465
3818
2774
3988
41
3991
1088
1093
4490
1135
1504
4612
541
14
4536
3389
1126
616
1538
3635
2351
4814
4426
1630
2693
3869
2049
4700
4381
1863
2324
213
3677
3578
2606
1396
3744
247
2984
3526
38
4826
2779
2785
2600
2940
1143
2837
4584
2422
2080
3266
3213
2851
3130
4681
3445
1813
3915
3902
2462
4079
3234
3159
829
2922
2777
4387
4661
4877
3874
1869
1187
3551
2889
1642
1531
1717
4737
1988
2106
2803
4281
2601
2494
2473
4400
698
1870
859
1740
970
4758
3686
2241
2852
2360
80
3215
4546
2500
453
4110
3236
4496
85
3274
1454
4535
1263
2714
4076
4129
2352
1826
520
1812
1918
2086
4547
4333
4909
979
2713
3779
791
4051
872
236
3115
1397
601
3919
2262
778
3368
3702
3486
2254
2979
3201
871
56
3414
4790
3956
3147
4243
2840
911
4945
2073
0
2016
499
1227
2635
2161
2664
3643
3189
3021
2846
974
523
2869
161
1722
4203
1743
4623
3725
2019
3391
518
2180
4602
366
3474
1907
529
2196
3182
4640
1313
963
4705
1624
4772
1276
663
53
3953
2918
522
2248
4144
2627
4278
3083
1031
4239
3995
4014
524
3860
3947
4837
2950
647
4443
327
1460
2116
1266
722
4975
175
4686
2053
1326
1116
4788
2242
3122
1876
494
3283
3504
962
1355
4361
4087
4150
1124
966
1357
4165
1602
812
3875
2337
2957
36
1611
3895
2257
484
2836
3579
449
3709
2223
1727
50
3734
395
4291
634
4147
62
2076
4676
353
2801
255
2479
3570
1222
1815
3767
534
1371
4981
2706
919
4652
401
706
3005
1017
1237
411
2912
3519
4189
4817
342
2909
4948
1806
2552
699
4735
4340
384
2902
3032
48
1961
2831
2932
621
1735
2819
2487
3886
3373
506
4286
166
874
1535
3876
1635
2901
218
3136
769
1411
3931
4497
3891
309
3996
4270
47
1039
2734
147
2815
1281
2237
4282
4440
2373
3898
4565
502
2311
2445
3190
1246
1702
4465
4702
145
3247
4197
2393
4664
1405
1193
4670
2661
2100
1871
573
947
3690
1658
2624
240
1926
2190
1002
1892
3252
3292
821
1466
3532
4697
3069
2527
1540
3428
779
4295
686
2558
3509
4723
4113
498
4620
4770
4156
168
2488
1673
4352
3202
1319
4201
3287
788
1219
4089
3689
144
638
3388
4364
1670
399
3790
858
3781
3550
2150
3435
4084
2640
1841
1384
4722
1952
3094
4205
3793
2738
2046
4105
3193
3003
4104
74
1774
3125
214
2962
1499
2547
764
1573
3449
4071
423
1603
3688
2154
3476
387
2699
496
2810
403
2440
1496
2227
1350
2173
1598
308
3072
3480
696
272
357
1921
4572
359
1235
744
245
3458
470
2650
377
1580
3434
4195
1438
2009
4369
4712
429
1998
1301
3871
339
977
133
3265
4567
3530
4677
4978
4962
3812
3750
1394
2616
407
2589
178
2460
422
2326
4982
615
2658
1616
1055
2953
3261
2731
3613
4796
1162
1427
2412
4001
4608
4642
2485
879
4102
4086
2667
677
124
4835
217
3385
2682
689
4027
3471
4875
363
4360
1786
531
734
1853
2341
739
433
3154
170
192
2581
3354
3765
2560
3641
2888
2786
2610
4617
2135
1881
1177
3986
4334
3399
4803
450
1129
2982
2400
4831
3107
4549
1175
4062
352
2038
3971
4493
2070
4528
4864
4349
1140
4026
3867
55
3737
3105
2386
4736
4579
2952
3770
2506
3317
4406
2546
972
2334
1163
2250
2621
3330
1554
1362
718
2530
3049
757
3614
4313
704
396
197
4662
2304
1685
388
2472
4489
799
3739
4447
2596
1752
4843
3811
441
1083
3680
3848
4795
3733
4362
3487
3099
3270
435
1310
550
2321
3542
751
1118
4139
1190
1855
233
1625
3933
2861
2584
1607
2617
2178
1581
4335
2826
590
4033
1147
4222
2312
4173
1176
4666
90
1387
1321
4250
2674
2891
3492
126
2030
3410
1539
2484
3575
3444
3922
4472
4451
730
4863
521
336
2102
953
3647
1042
798
2367
3386
1192
2358
1451
1877
2229
4648
4869
1509
2569
2443
408
2656
658
1932
2823
2503
4151
4045
4759
4269
4484
2614
591
640
1995
3566
2839
4411
3244
20
1410
2401
2576
3184
2645
3101
4483
4342
536
2593
628
3650
148
4454
2585
2162
583
2917
1945
2990
281
2808
1865
1957
3827
1712
3599
2245
2263
4003
4022
4663
129
193
3381
2959
4140
3816
2750
2108
865
2091
4073
3033
4424
4614
2491
3527
4261
179
123
2963
3873
4404
2701
4010
4707
2259
3885
2978
4598
1459
2270
2107
4827
1675
3627
887
3039
2969
3313
4228
4656
141
3349
754
3023
3949
3668
1741
2942
2820
2239
4625
4512
4928
4570
2903
1106
3538
3495
1047
34
2453
1306
4060
2687
243
1582
3968
3404
1074
222
2459
2103
2866
2937
3306
594
3884
3707
2287
1559
474
3580
1439
4621
2214
3533
3461
4298
21
455
2905
4142
173
27
4441
1296
2168
904
1423
2740
3378
87
1565
1770
2308
4232
2434
4704
3924
4257
3027
4109
1127
3098
2666
4415
1226
4041
3778
1930
1833
1018
4378
4188
3763
4781
1753
140
4801
266
2466
3346
3113
3679
1174
1953
2302
4285
1247
1660
4543
142
4439
1444
2101
2766
1393
656
993
2208
2439
2366
504
910
2683
1098
2121
4952
1720
4412
188
2609
4710
1856
1715
310
2698
3291
2496
1483
2320
964
694
2592
1803
1686
4509
682
4175
2926
793
2794
2398
4996
1488
1367
